#Declaración de la matriz de adyacencia entre parcelas
p0 <- c(0, 340.76949877350734, 10022.123860832955, 4878.926381052754, 3689.769384962011, 10600.163175401916, 6026.953087814776, 8161.584672174851, 8049.763275442355, 1341.0666169944966, 9273.204650571362, 1584.7180441253247, 10251.349144087251, 3557.818600707733, 4867.312856284667, 6877.280504349647, 13036.879496477293, 13270.433706041405, 10207.400293735818, 14431.439800894117, 5731.460115210704, 4555.48430118983, 7518.810753982741, 4126.378824375664, 9806.044991332477, 1614.8986339150326, 11282.733679981708, 11242.23673090607, 3796.9330324558405, 3849.873091111627, 2701.4772855329256, 10576.811849293614, 4308.258315147286, 5928.655523813355, 2777.316236244203, 1348.7730479231634)
p1 <- c(340.76949877350734, 0, 9833.855690365484, 5107.399110866249, 3452.3970165685487, 10531.785999411424, 6274.876521051656, 7879.028185366347, 7783.544295041663, 1665.1711944174383, 9599.284276637745, 1682.273743201831, 10583.831498470017, 3227.3324219387746, 5164.008932820509, 7210.461784276393, 13125.316519774507, 13352.371570537502, 10495.112843409484, 14624.330678430191, 5422.939305874477, 4562.631251554828, 7812.070357812417, 4442.833397484899, 9920.764058586454, 1930.8438645861756, 11307.958745672573, 11277.154250204014, 3496.9588112825295, 3538.5100172486586, 3041.824443125649, 10632.913725112887, 4613.173002610815, 6186.341800099329, 3113.798660894366, 1554.1857132020948)
p2 <- c(10022.123860832955, 9833.855690365484, 0, 9945.739265236985, 11240.310734574292, 3953.536372097333, 15976.889936070558, 3966.6869730304743, 3405.854797814236, 11140.832518398038, 18220.4538771268, 8975.41984562288, 18877.354120817257, 7764.587296903719, 14574.030513056992, 15753.256613512665, 9891.49716872464, 9850.115933425717, 19832.718181902488, 14199.495601754665, 10650.108641628569, 6706.3838624886, 17153.78652432548, 11587.34933848917, 8863.538587588955, 10429.489663780972, 6992.166267411576, 7254.563755864826, 6929.5978829800915, 7095.259545439419, 11858.13041797413, 7553.751626626755, 11370.50995003477, 10950.385033632127, 11464.39762370328, 11369.413919794933)
p3 <- c(4878.926381052754, 5107.399110866249, 9945.739265236985, 0, 8559.198958840563, 8607.232201854535, 8000.612296367551, 10028.328217673383, 9612.571792112336, 4584.372353249486, 8590.123782044715, 3591.6339530128494, 9071.503227397843, 7234.335064269835, 6251.787246722492, 6273.841360794541, 8929.474968299546, 9218.500769680972, 10705.545024365983, 9602.956904889783, 10361.10154021305, 3362.0320486406126, 8270.515565542473, 2206.4757142259436, 5583.880606699552, 3486.129510574211, 7966.872098597926, 7811.133927826249, 6848.753580520226, 7074.814337780402, 3874.951197602699, 6943.623399494161, 1829.1819186667674, 1259.94671165828, 3267.151203883061, 5446.336538476462)
p4 <- c(3689.769384962011, 3452.3970165685487, 11240.310734574292, 8559.198958840563, 0, 12914.21434412629, 7157.539925015344, 8179.912073500316, 8361.79142040559, 4443.583584357144, 11518.438042268059, 5066.884183394488, 12654.805021594617, 3479.199195889523, 6855.149365190203, 9436.73926298038, 16290.228582180656, 16491.14581852337, 11617.681277450176, 18055.11280665451, 2569.051250056093, 7568.585548481229, 9183.154400277477, 7682.184902770621, 13192.820995714306, 5238.1931207725365, 14216.313690982732, 14232.097469739521, 4348.148552323124, 4154.864663216253, 5875.600636439733, 13689.124813120447, 7916.722446837053, 9617.066866198611, 6185.734407473185, 3645.8185897157337)
p5 <- c(10600.163175401916, 10531.785999411424, 3953.536372097333, 8607.232201854535, 12914.21434412629, 0, 15991.38548537694, 7412.61156436169, 6765.806849206271, 11378.904838522147, 17194.820379444904, 9166.026083910287, 17620.92671302444, 9595.228746776223, 14363.740427611034, 14866.706739690931, 5968.53599125721, 5909.086653962882, 19251.315115810503, 10470.740526212154, 13049.899007918491, 6204.031556543963, 16707.15274752059, 10675.358516800015, 5543.6900535622435, 10393.964418527445, 3094.1449107378185, 3382.295049940067, 8689.977146028003, 8938.651611670208, 11617.787793259822, 3867.632853522376, 10355.281300602288, 9257.5689105286, 11090.33309865758, 11883.488240866327)
p6 <- c(6026.953087814776, 6274.876521051656, 15976.889936070558, 8000.612296367551, 7157.539925015344, 15991.38548537694, 0, 14123.4419371386, 14054.159119196858, 4836.283861134495, 4788.240677109837, 7029.126207635331, 6009.288766630387, 9259.857333865299, 1755.976224188487, 3650.779216076746, 16884.739286707314, 17185.438633816466, 4466.487038522837, 16622.073136281913, 9702.691700027714, 9805.51342932895, 2144.9517668313474, 5827.6713794029965, 13553.87433576801, 5641.4429575382255, 15903.310729300694, 15771.152708152962, 9717.428639220487, 9712.071623237882, 4381.001522855466, 14928.70188754638, 6227.401970718139, 8181.169390422368, 4938.359403577136, 4730.16322851654)
p7 <- c(8161.584672174851, 7879.028185366347, 3966.6869730304743, 10028.328217673383, 8179.912073500316, 7412.61156436169, 14123.4419371386, 0, 653.369593712477, 9472.209402135231, 17263.183527955287, 7695.6851001812, 18124.503229569757, 4965.627293732701, 13025.057528935453, 14791.180308916948, 12935.045467672593, 12970.351946750694, 18368.87443277797, 16654.55732312854, 7034.048925547119, 6746.166338904139, 15677.91850539506, 11016.075435108378, 11067.611367997491, 9131.826275913483, 10100.582996067955, 10296.378450502954, 4406.428958084608, 4429.514413567917, 10582.45854763601, 10305.892343972842, 10929.497182495492, 11242.89593850038, 10368.598707692336, 9399.576592390551)
p8 <- c(8049.763275442355, 7783.544295041663, 3405.854797814236, 9612.571792112336, 8361.79142040559, 6765.806849206271, 14054.159119196858, 653.369593712477, 0, 9335.988187586934, 17043.176618786052, 7463.693287313564, 17873.84690149639, 5030.798223169679, 12891.601366442219, 14562.56440464985, 12284.8593888469, 12318.646097001023, 18240.35959473818, 16033.810223474722, 7395.632118294369, 6292.138446728813, 15542.865691901927, 10702.299301862244, 10451.381573514565, 8921.856892478703, 9447.824645592837, 9644.581051977739, 4377.93853871935, 4442.269552997946, 10382.435568425642, 9661.341684858959, 10595.229487462675, 10809.762824249501, 10135.065704595178, 9324.05362753846)
p9 <- c(1341.0666169944966, 1665.1711944174383, 11140.832518398038, 4584.372353249486, 4443.583584357144, 11378.904838522147, 4836.283861134495, 9472.209402135231, 9335.988187586934, 0, 7934.190775539174, 2235.4640476577215, 8922.614059915451, 4892.241209325002, 3556.0422667245157, 5551.260695126634, 13239.81391197926, 13497.82949300552, 8904.567704453408, 14171.550710645972, 6753.507397568324, 5190.535754950605, 6208.49284174219, 3270.9738386000727, 9929.323379579677, 1142.7518625756175, 11739.404400518808, 11663.727196528904, 5130.6955869265175, 5189.747901217162, 1473.3501393620486, 10924.705326215808, 3545.827829041757, 5431.034129323169, 1745.0361718391314, 884.3719762700979)
p10 <- c(9273.204650571362, 9599.284276637745, 18220.4538771268, 8590.123782044715, 11518.438042268059, 17194.820379444904, 4788.240677109837, 17263.183527955287, 17043.176618786052, 7934.190775539174, 0, 9579.546040295796, 1223.3742572529038, 12825.48292580232, 4670.583459661488, 2486.7530474500427, 16372.20456632049, 16709.60204864849, 2820.8520788049814, 14737.86201480319, 14083.818561968275, 11533.981701925683, 2696.394852263208, 6651.577788420164, 13312.745445032842, 8131.357293534261, 16224.17504567014, 16010.419961412432, 13030.038587570907, 13109.442229295131, 6686.550382213262, 15075.305000893548, 6910.851113398385, 8044.4950610996975, 6909.3937478523085, 8308.11096806511)
